"","solution_id","filename","rotation","translation","overlap","cc_score","cam_score","score_z","score_z_c","pvalues","BH_adjusted_pvalues","BH_adjusted_pvalues_one_tailed"
"1",0,"Elp1_NTD_1st_propeller_fit1_0.86.pdb","0.129582869516 0.918127636032 -0.374499566443 -0.12500946511 -0.359543613676 -0.924716726831 -0.983656909163 0.166643437323 0.0681839514588","126.296332014 222.808095476 290.073133068",1.49819,0.952127,0.855369,1.85406157758038,0.312550115910236,0.116014639795655,0.931627811545591,0.465813905772796
"2",1,"Elp1_NTD_1st_propeller_fit2_0.86.pdb","-0.127749561698 -0.916962008225 0.377969212172 0.122808029552 0.363534375114 0.923450565206 -0.984173885934 0.164388059101 0.0661689403082","366.346587456 269.859702868 290.249003421",1.498231,0.952131,0.855339,1.85410438105045,0.312592919380306,0.115964707683571,0.931627811545591,0.465813905772796
"3",2,"Elp1_NTD_1st_propeller_fit3_0.86.pdb","-0.127302799697 -0.916663280566 0.378843540145 0.122215431837 0.364543807887 0.923131193824 -0.984305534917 0.163817712265 0.0656229513049","366.307413854 269.828029966 290.294169083",1.498244,0.952132,0.855329,1.85411508246313,0.312603620792981,0.115952226659248,0.931627811545591,0.465813905772796
"4",3,"Elp1_NTD_1st_propeller_fit4_0.86.pdb","0.126956236939 0.916482527767 -0.379396745803 -0.122002708417 -0.365159507102 -0.922915962609 -0.984376682762 0.163457368134 0.0654540736839","126.52679825 222.999889404 290.310860962",1.498285,0.952116,0.855319,1.85394388602388,0.312432424353729,0.116152019225606,0.931627811545591,0.465813905772796
"5",4,"Elp1_NTD_1st_propeller_fit5_0.85.pdb","0.986175494294 0.120349816428 0.113902655334 -0.129525794901 0.988590024628 0.0768949310098 -0.103348738076 -0.0905852286275 0.990511662448","137.41827933 135.718398649 265.192241016",1.496638,0.949643,0.847253,1.82813196078027,0.28662049911012,0.149491135041371,0.931627811545591,0.465813905772796
"6",5,"Elp1_NTD_1st_propeller_fit6_0.85.pdb","0.986203688919 0.120314158205 0.11369603434 -0.129495773675 0.988575505876 0.0771318009138 -0.103117066918 -0.0907908224823 0.990516985211","137.424753956 135.716079808 265.193014977",1.496647,0.949633,0.847241,1.8280301149972,0.286518653327056,0.149635809051972,0.931627811545591,0.465813905772796
"7",6,"Elp1_NTD_1st_propeller_fit7_0.85.pdb","-0.986250142039 -0.120164875503 -0.113450693343 0.129361930211 -0.988564160083 -0.0775009174708 -0.102840401286 -0.0911114915463 0.990516303636","355.361492418 357.090831268 265.197616164",1.496661,0.949621,0.847223,1.82790792605615,0.286396464386002,0.149809521862646,0.931627811545591,0.465813905772796
"8",7,"Elp1_NTD_1st_propeller_fit8_0.85.pdb","-0.986575615259 -0.120614032932 -0.110094555721 0.129837866761 -0.988234372994 -0.0808390570832 -0.0990488995107 -0.0940482846995 0.990628202916","355.274518738 357.068933548 265.146623509",1.496881,0.949389,0.846988,1.82555116257681,0.284039700906658,0.153190244737361,0.931627811545591,0.465813905772796
"9",8,"Elp1_NTD_1st_propeller_fit9_0.84.pdb","-0.89452071968 0.35164731271 0.276001538495 -0.445332763834 -0.647301177863 -0.618611278849 -0.0388768728647 -0.676273134411 0.735624385237","321.360608172 363.39847995 298.740963685",1.496484,0.948815,0.842683,1.81976512707928,0.27825366540913,0.161735979847157,0.931627811545591,0.465813905772796
"10",9,"Elp1_NTD_1st_propeller_fit10_0.84.pdb","0.894335013046 -0.351619587576 -0.276637941092 0.44572165546 0.646768938707 0.618887830028 -0.0386922559763 -0.676796576481 0.735152571763","171.456706048 129.417325652 298.764197331",1.496495,0.948802,0.842673,1.81963481750256,0.278123355832416,0.161932503655367,0.931627811545591,0.465813905772796
"11",10,"Elp1_NTD_1st_propeller_fit11_0.84.pdb","0.995247072674 -0.0973158287548 0.00359096004889 0.0906740542707 0.93950993323 0.330301835345 -0.0355173394601 -0.328406327624 0.943868530973","150.52525411 128.354341327 276.779830194",1.496136,0.948835,0.842644,1.81996566629285,0.278454204622701,0.161433892452551,0.931627811545591,0.465813905772796
"12",11,"Elp1_NTD_1st_propeller_fit12_0.84.pdb","-0.189335282701 -0.940943959222 0.280671723374 -0.831039951955 0.00130978288088 -0.556211185341 0.522995935887 -0.33855981753 -0.782210010787","231.550129062 220.849478759 281.410407239",1.498267,0.948287,0.842633,1.81449830168147,0.272986840011319,0.169823394452711,0.931627811545591,0.465813905772796
"13",12,"Elp1_NTD_1st_propeller_fit13_0.84.pdb","0.185632576989 0.939924840257 -0.286499286057 0.829328289784 0.00651497391232 0.558723672994 0.527024794492 -0.341319278192 -0.778296868945","261.498337931 271.535920602 281.387702251",1.498259,0.948253,0.842513,1.81416094655767,0.272649484887518,0.170351566227062,0.931627811545591,0.465813905772796
"14",13,"Elp1_NTD_1st_propeller_fit14_0.84.pdb","-0.183916027393 -0.939481876801 0.289047916634 -0.828614461827 -0.00999851271839 -0.559730384627 0.528746601501 -0.342452672622 -0.776629382972","231.18602386 221.446950983 281.378588273",1.498245,0.948238,0.842441,1.8140121820042,0.272500720334056,0.170584866493743,0.931627811545591,0.465813905772796
"15",14,"Elp1_NTD_1st_propeller_fit15_0.84.pdb","0.178564653829 0.937931530246 -0.297319876787 0.825319692639 0.0217382286578 0.564247157295 0.535688407102 -0.346138547615 -0.770211682922","261.957142891 270.736589193 281.262829791",1.498357,0.948149,0.842225,1.81313037454555,0.271618912875398,0.171972679353407,0.931627811545591,0.465813905772796
"16",15,"Elp1_NTD_1st_propeller_fit16_0.84.pdb","-0.177281043083 -0.937512905428 0.299401043253 -0.824313032491 -0.0247506534756 -0.565592990055 0.537661098658 -0.347069096997 -0.768416284106","230.758867382 222.219914967 281.221002371",1.498401,0.948124,0.842171,1.81288294086694,0.271371479196797,0.172363611089354,0.931627811545591,0.465813905772796
"17",16,"Elp1_NTD_1st_propeller_fit17_0.84.pdb","-0.993857321398 0.109843930942 0.0134883204853 -0.1074203426 -0.928177279764 -0.356297356959 -0.0266175496656 -0.35555765695 0.934275258093","341.2243914 364.631489371 278.025708246",1.496824,0.948472,0.841805,1.81633770270135,0.274826241031201,0.16696515807732,0.931627811545591,0.465813905772796
"18",17,"Elp1_NTD_1st_propeller_fit18_0.84.pdb","0.163584601698 0.933096961988 -0.320265728495 0.816079662355 0.0544143874393 0.575372104263 0.554305026146 -0.355484364213 -0.752580098078","263.052642874 269.097029381 281.003532307",1.498369,0.948014,0.841419,1.81179560973594,0.270284148065795,0.174089416574363,0.931627811545591,0.465813905772796
"19",18,"Elp1_NTD_1st_propeller_fit19_0.84.pdb","-0.149120655878 -0.926732753222 0.344861471599 -0.801408335199 -0.0910277648341 -0.591150257379 0.579230274383 -0.364527571841 -0.729117232757","228.679018822 225.517764767 280.331294239",1.498355,0.947729,0.840547,1.80898881675346,0.26747735508331,0.178603954810826,0.931627811545591,0.465813905772796
"20",19,"Elp1_NTD_1st_propeller_fit20_0.84.pdb","0.0870220843103 0.884680926304 -0.458003074265 0.739991909441 0.250397557026 0.62427000405 0.666962616166 -0.393243846271 -0.632866610406","269.954116905 259.865805415 277.972940825",1.500588,0.94715,0.838128,1.80333216584543,0.261820704175286,0.187965949598181,0.931627811545591,0.465813905772796
"21",20,"Elp1_NTD_1st_propeller_fit21_0.84.pdb","0.00494353125613 0.528939374723 -0.848645214148 0.289639362941 0.811520401057 0.507487613874 0.95712308564 -0.248309840054 -0.149189887053","297.08869878 244.504106903 254.681180669",1.50894,0.9467,0.837433,1.79897728956172,0.257465827891569,0.195416549320404,0.931627811545591,0.465813905772796
"22",21,"Elp1_NTD_1st_propeller_fit22_0.84.pdb","-0.00462937628275 -0.528563284151 0.848881277595 -0.288971563875 -0.81196684354 -0.50715409906 0.957326487713 -0.247650357497 -0.148980858785","195.673040315 248.292351287 254.641643716",1.508913,0.946706,0.837424,1.79903511897534,0.257523657305192,0.195316212746987,0.931627811545591,0.465813905772796
"23",22,"Elp1_NTD_1st_propeller_fit23_0.84.pdb","-0.00426986188275 -0.528602963048 0.848858454788 -0.288761026336 -0.812053079817 -0.507135944061 0.957391684985 -0.24728263899 -0.149172579602","195.658669658 248.286919902 254.62780241",1.508888,0.946714,0.837422,1.79911223471131,0.257600773041166,0.195182472335885,0.931627811545591,0.465813905772796
"24",23,"Elp1_NTD_1st_propeller_fit24_0.84.pdb","0.00362624702278 0.522210887612 -0.852808677405 0.27374501507 0.819719916231 0.503113234494 0.961795465846 -0.235276536993 -0.139980120319","297.584070801 244.634131117 253.722748156",1.508839,0.94674,0.837417,1.79936293864586,0.257851476975708,0.194748145141882,0.931627811545591,0.465813905772796
"25",24,"Elp1_NTD_1st_propeller_fit25_0.84.pdb","-0.0054601511163 -0.514123905634 0.857698546217 -0.259377512581 -0.827627994388 -0.497750146812 0.965760577211 -0.225185506507 -0.128833205899","194.795687671 248.062780627 252.879868627",1.509032,0.946675,0.837356,1.79873640180475,0.257224940134605,0.195834906736126,0.931627811545591,0.465813905772796
"26",25,"Elp1_NTD_1st_propeller_fit26_0.84.pdb","-0.507493819754 -0.856221793522 -0.0966139964302 0.451577574793 -0.35978504855 0.816475605197 -0.733844478043 0.370727609216 0.569239249269","381.099660536 300.717036593 264.538907722",1.490731,0.947754,0.8372,1.809234429985,0.26772296831485,0.178205458531276,0.931627811545591,0.465813905772796
"27",26,"Elp1_NTD_1st_propeller_fit27_0.84.pdb","0.0065201393089 0.507320820041 -0.861732599171 0.247120367631 0.83420491687 0.49298446193 0.968962853169 -0.216166004169 -0.119930175337","298.393388924 244.838933914 252.157591413",1.509028,0.946611,0.837199,1.79812022930873,0.256608767638585,0.196908019313309,0.931627811545591,0.465813905772796
"28",27,"Elp1_NTD_1st_propeller_fit28_0.84.pdb","0.518550831162 0.848551468514 0.105192391814 -0.454403425159 0.377698109662 -0.806759978974 -0.724308332976 0.370546274779 0.581440362842","111.676001614 191.053867652 264.094328621",1.490748,0.947648,0.836863,1.80819381437119,0.266682352701037,0.179898355675605,0.931627811545591,0.465813905772796
"29",28,"Elp1_NTD_1st_propeller_fit29_0.84.pdb","0.00817621425842 0.497036226416 -0.867691269816 0.228471613185 0.843839474422 0.48552617225 0.973516241288 -0.202212590117 -0.106659256088","298.978143211 245.01286458 251.057927328",1.509007,0.946443,0.836667,1.79650618799383,0.254994726323685,0.199739397002206,0.931627811545591,0.465813905772796
"30",29,"Elp1_NTD_1st_propeller_fit30_0.84.pdb","0.00823623121149 0.496535316005 -0.867977444652 0.22790071979 0.844231090262 0.485113520865 0.973649539817 -0.201808191522 -0.106207473465","299.011762969 245.017489875 251.029724107",1.509001,0.946447,0.836658,1.79654456029385,0.2550330986237,0.199671740416242,0.931627811545591,0.465813905772796
"31",30,"Elp1_NTD_1st_propeller_fit31_0.84.pdb","0.00615907647324 0.485583820958 -0.874168415528 0.209144281013 0.854225951657 0.475979719465 0.977865397486 -0.185758920232 -0.0962958361397","299.839856221 245.227909922 249.968395792",1.508895,0.946453,0.836221,1.79660212397031,0.255090662300157,0.199570277715845,0.931627811545591,0.465813905772796
"32",31,"Elp1_NTD_1st_propeller_fit32_0.84.pdb","-0.0056592515902 -0.484951902515 0.874522511414 -0.207671728558 -0.854899790661 -0.475414344482 0.978182203826 -0.184304091191 -0.0958727069688","192.903080483 247.550925497 249.873446457",1.508908,0.94645,0.836197,1.79657334134804,0.255061879677895,0.19962100573905,0.931627811545591,0.465813905772796
"33",32,"Elp1_NTD_1st_propeller_fit33_0.84.pdb","-0.0314280707886 -0.389885615467 0.920326834243 -0.103712619347 -0.914539184883 -0.390975409084 0.99411064151 -0.107737109543 -0.0116938561923","188.042203387 246.529164949 244.036011063",1.509398,0.946273,0.836078,1.79487793611181,0.253366474441659,0.202625717943527,0.931627811545591,0.465813905772796
"34",33,"Elp1_NTD_1st_propeller_fit34_0.84.pdb","-0.0257240454141 -0.4042849523 0.91427126759 -0.113285372171 -0.907503497613 -0.404479698108 0.993229428606 -0.113978414942 -0.0224549100996","188.730921152 246.606500419 244.518840303",1.509402,0.946253,0.836035,1.79468670653811,0.253175244867958,0.202966684936196,0.931627811545591,0.465813905772796
"35",34,"Elp1_NTD_1st_propeller_fit35_0.84.pdb","0.0248784217937 0.408739530909 -0.912311930435 0.116044233947 0.90524435534 0.408737557976 0.992932423839 -0.11603728455 -0.0249108148691","303.819871891 246.176307896 244.657932733",1.509447,0.946227,0.835995,1.794438211511,0.252926749840853,0.203410381717168,0.931627811545591,0.465813905772796
"36",35,"Elp1_NTD_1st_propeller_fit36_0.84.pdb","-0.0111325030302 -0.477196915624 0.878725879859 -0.189380051994 -0.861869631055 -0.470442276809 0.981840752934 -0.171650352817 -0.080776810378","192.675031045 247.321660718 248.772956329",1.509348,0.946231,0.835867,1.79447643390973,0.252964972239586,0.20334208833489,0.931627811545591,0.465813905772796
"37",36,"Elp1_NTD_1st_propeller_fit37_0.84.pdb","-0.0186369677476 -0.422431125772 0.906203403648 -0.126666769319 -0.898060262402 -0.421240188036 0.991770232642 -0.122636497202 -0.0367708657913","189.533924165 246.681432228 245.275342098",1.509261,0.946262,0.835704,1.79477275128197,0.253261289611826,0.20281321338176,0.931627811545591,0.465813905772796
"38",37,"Elp1_NTD_1st_propeller_fit38_0.84.pdb","-0.0131201969903 -0.461813868124 0.886879817508 -0.163795996274 -0.873982435681 -0.457521117316 0.98640698046 -0.151270130541 -0.0641764409295","191.804290823 247.006328208 247.273391141",1.509559,0.946076,0.835397,1.79299733431262,0.25148587264247,0.205997043588364,0.931627811545591,0.465813905772796
"39",38,"Elp1_NTD_1st_propeller_fit39_0.84.pdb","-0.0144541673327 -0.464491157352 0.885459792472 -0.166779180769 -0.872026927224 -0.460167084174 0.98588832238 -0.154327590652 -0.0648630314987","192.027982505 247.034404962 247.449164282",1.509635,0.946049,0.835394,1.79274010753576,0.251228645865608,0.206461319424566,0.931627811545591,0.465813905772796
"40",39,"Elp1_NTD_1st_propeller_fit40_0.84.pdb","0.0109647374243 0.460407614109 -0.887639906402 0.162130739753 0.875128457292 0.455920833586 0.986708365118 -0.148912766883 -0.0650506733158","301.147148883 245.804641311 247.139551934",1.509501,0.946057,0.835336,1.7928163098262,0.251304848156054,0.206323700636654,0.931627811545591,0.465813905772796
"41",40,"Elp1_NTD_1st_propeller_fit41_0.84.pdb","-0.0478239190501 -0.341869082598 0.938529916218 -0.0661261991888 -0.936460156003 -0.344484691252 0.99666453687 -0.0785360241539 0.0221786916364","185.709608542 245.98034746 241.969088375",1.509364,0.946014,0.83532,1.79240685163658,0.250895389966429,0.207063951578388,0.931627811545591,0.465813905772796
"42",41,"Elp1_NTD_1st_propeller_fit42_0.84.pdb","0.0486336874001 0.340132100069 -0.939119224604 0.0647430014983 0.937180992449 0.342782919963 0.996716161841 -0.0774721947769 0.0235573943704","307.163539845 246.841317011 241.887320082",1.509379,0.945985,0.835243,1.79213088441404,0.250619422743889,0.207563953107216,0.931627811545591,0.465813905772796
"43",42,"Elp1_NTD_1st_propeller_fit43_0.84.pdb","0.0476077635948 0.332302567921 -0.941970543152 0.0601248257798 0.940376538021 0.334778989833 0.99705491631 -0.0725738938021 0.0247895899093","307.724814152 246.939561127 241.661913764",1.509037,0.946034,0.835094,1.79259725784778,0.251085796177627,0.206719480746189,0.931627811545591,0.465813905772796
"44",43,"Elp1_NTD_1st_propeller_fit44_0.83.pdb","-0.0500498860712 -0.323160670771 0.945019677147 -0.0536894885776 -0.943966814055 -0.325644120482 0.997302586052 -0.0670360742772 0.0298951003504","184.622461408 245.748696313 241.282270006",1.509075,0.945901,0.834663,1.79133234323588,0.24982088156573,0.209015694517269,0.931627811545591,0.465813905772796
"45",44,"Elp1_NTD_1st_propeller_fit45_0.83.pdb","0.054878048264 0.302687789397 -0.951508539614 0.038150612453 0.951613095152 0.304921378216 0.997763964862 -0.0530341236777 0.0406749448374","309.254847018 247.387193821 240.402722982",1.508888,0.945588,0.833358,1.78836740310924,0.246855941439095,0.214470277730623,0.931627811545591,0.465813905772796
"46",45,"Elp1_NTD_1st_propeller_fit46_0.83.pdb","0.0594725567782 0.288762881267 -0.955551680527 0.0268047684672 0.956438926401 0.290699303783 0.997869991603 -0.0429019723884 0.0491416461621","309.941639198 247.668842044 239.756856172",1.508858,0.945339,0.832382,1.78602052933891,0.24450906766876,0.21886002291929,0.931627811545591,0.465813905772796
"47",46,"Elp1_NTD_1st_propeller_fit47_0.83.pdb","-0.0610714860049 -0.28763578697 0.955790734308 -0.0246795136871 -0.956850246358 -0.289531566132 0.997828239396 -0.0412705734964 0.0513375550856","182.86684902 245.092282741 239.605766842",1.508905,0.945262,0.832257,1.78529689237976,0.24378543070961,0.220226488114917,0.931627811545591,0.465813905772796
"48",47,"Elp1_NTD_1st_propeller_fit48_0.83.pdb","-0.0624344343657 -0.284425798982 0.956662901299 -0.0210013694863 -0.957946298438 -0.286177973002 0.997828083553 -0.0379585909279 0.0538355039886","182.731473787 244.997787036 239.381821025",1.508872,0.945174,0.831994,1.78447108910689,0.242959627436741,0.221793341815455,0.931627811545591,0.465813905772796
"49",48,"Elp1_NTD_1st_propeller_fit49_0.83.pdb","0.176825747 0.0350797074109 -0.983616830626 -0.15291012069 0.988209673947 0.00775470657922 0.972291700239 0.149033736489 0.180104956068","320.584530648 255.017743949 228.384977204",1.49891,0.94455,0.829582,1.77865207650994,0.237140614839792,0.233060843769327,0.931627811545591,0.465813905772796
"50",49,"Elp1_NTD_1st_propeller_fit50_0.83.pdb","0.198874998105 0.0140252815116 -0.97992450123 -0.17281865296 0.984730207245 -0.0209793620672 0.964667014996 0.173521502766 0.19826204821","320.952300844 256.1317707 226.968924823",1.499162,0.944338,0.829089,1.7766895751603,0.235178113490156,0.236950902261317,0.931627811545591,0.465813905772796
"51",50,"Elp1_NTD_1st_propeller_fit51_0.83.pdb","0.796617595715 -0.381564529425 -0.468837836289 -0.457662337505 0.125977701171 -0.880156124952 0.394899470346 0.915717275882 -0.0742716610006","318.121673517 323.379778679 206.784107869",1.500206,0.94421,0.82736,1.77550818101003,0.233996719339881,0.239314665320717,0.931627811545591,0.465813905772796
"52",51,"Elp1_NTD_1st_propeller_fit52_0.83.pdb","-0.797166203192 0.381555270639 0.467911978818 0.457114713292 -0.124873023063 0.880598016685 0.394426397906 0.915872427549 -0.0748699744674","174.734014178 169.386531227 206.77102571",1.500332,0.944174,0.827359,1.77517638825032,0.233664926580172,0.239981505704677,0.931627811545591,0.465813905772796
"53",52,"Elp1_NTD_1st_propeller_fit53_0.82.pdb","0.492785475541 -0.867337795478 0.0699115394273 0.636013845723 0.304192533099 -0.709191998381 0.593842456261 0.39394422328 0.701540509023","213.278190286 129.63530673 179.366527312",1.256063,0.943418,0.818608,1.76825632202606,0.226744860355915,0.254188818824481,0.931627811545591,0.465813905772796
"54",53,"Elp1_NTD_1st_propeller_fit54_0.82.pdb","-0.493572780566 0.867049274653 -0.067907771552 -0.633410935956 -0.30486903935 0.711228131393 0.595966858411 0.3940563716 0.699673552099","279.53169138 362.994427972 179.322446253",1.256584,0.943366,0.8186,1.76778364428489,0.22627218261474,0.25518017469592,0.931627811545591,0.465813905772796
"55",54,"Elp1_NTD_1st_propeller_fit55_0.8.pdb","0.659434351963 0.0403845613609 0.750676643439 -0.730514755799 -0.201303612613 0.652552716229 0.177466975406 -0.978696042242 -0.103244999333","149.212900548 183.749872689 279.511246764",1.279842,0.938196,0.803096,1.72277241761982,0.181260955949672,0.362027415076402,0.931627811545591,0.465813905772796
"56",55,"Elp1_NTD_1st_propeller_fit56_0.8.pdb","-0.659706738541 -0.040217730547 -0.750446235912 0.730421378369 0.200655875916 -0.652856668191 0.176837860386 -0.97883591747 -0.102998143303","343.584691672 309.090203311 279.522002363",1.279695,0.938198,0.80308,1.72278911400756,0.181277652337414,0.36198319839545,0.931627811545591,0.465813905772796
"57",56,"Elp1_NTD_1st_propeller_fit57_0.8.pdb","-0.655501744497 0.356364177432 -0.665824328808 0.729137652324 0.528243741708 -0.435105543677 0.196661505519 -0.770690030569 -0.606103233664","190.630320656 110.759929255 273.796353264",1.270745,0.937677,0.799755,1.71845728642523,0.176945824755085,0.373568379311463,0.931627811545591,0.465813905772796
"58",57,"Elp1_NTD_1st_propeller_fit58_0.8.pdb","0.654794913825 -0.359626686049 0.664764822287 -0.73034190031 -0.527450946461 0.434046321455 0.194536194372 -0.769716926668 -0.608022633887","302.382670223 382.087740246 273.832609357",1.270524,0.937695,0.799718,1.71860636096479,0.17709489929464,0.37316591568621,0.931627811545591,0.465813905772796
"59",58,"Elp1_NTD_1st_propeller_fit59_0.79.pdb","0.123673387326 -0.885376145526 -0.448122721872 0.842730414405 0.332145272349 -0.423656660932 0.523937345075 -0.325251592843 0.787210937074","362.258138882 295.475019873 220.732872099",1.265643,0.936707,0.794672,1.71048482430287,0.168973362632717,0.395481920735627,0.931627811545591,0.465813905772796
"60",59,"Elp1_NTD_1st_propeller_fit60_0.79.pdb","-0.123237455929 0.88514481591 0.448699438604 -0.842850356964 -0.332033296486 0.423505805945 0.52384712188 -0.325994703596 0.786963562058","130.535837752 197.307097035 220.777069677",1.265545,0.936712,0.794665,1.71052561555109,0.169014153880939,0.395367858738899,0.931627811545591,0.465813905772796
"61",60,"Elp1_NTD_1st_propeller_fit61_0.79.pdb","0.157658956431 0.741773255408 0.6518558815 -0.860581574388 -0.220530436846 0.459092234174 0.484296403571 -0.633355163566 0.603587797676","127.09455567 191.27538098 241.355760177",1.261145,0.936336,0.793068,1.70746677640613,0.165955314735978,0.403976161840307,0.931627811545591,0.465813905772796
"62",61,"Elp1_NTD_1st_propeller_fit62_0.79.pdb","0.177959232518 0.722726440104 0.667830071173 -0.862347057767 -0.21237424182 0.459624556567 0.47401272467 -0.65769573042 0.585447062223","127.311039231 190.770212169 243.273071266",1.260881,0.936339,0.792966,1.7074911128159,0.16597965114575,0.403907233656905,0.931627811545591,0.465813905772796
"63",62,"Elp1_NTD_1st_propeller_fit63_0.79.pdb","-0.176716805855 -0.726483919104 -0.664072498751 0.8611098644 0.212666338204 -0.461803884583 0.476718963069 -0.653447887488 0.588000753719","365.621785841 301.941558837 242.929947659",1.26161,0.936273,0.79289,1.70695596783271,0.165444506162558,0.405424552721878,0.931627811545591,0.465813905772796
"64",63,"Elp1_NTD_1st_propeller_fit64_0.79.pdb","-0.198781429257 -0.706407947374 -0.679318595251 0.860837215748 0.20546603285 -0.465556651673 0.468449815833 -0.67732674524 0.567259419328","365.387020379 302.445620752 244.802110018",1.261986,0.936174,0.792482,1.7061542544922,0.164642792822056,0.407704047214329,0.931627811545591,0.465813905772796
"65",64,"Elp1_NTD_1st_propeller_fit65_0.79.pdb","-0.377988077706 0.637399114357 -0.671451697668 0.146323360614 0.757272738011 0.636496248676 0.914174210653 0.142338924599 -0.379506446971","214.534997429 161.640514565 159.233252083",1.219112,0.934696,0.791236,1.69432609851462,0.152814636844474,0.442213705294999,0.931627811545591,0.465813905772796
"66",65,"Elp1_NTD_1st_propeller_fit66_0.79.pdb","0.378374228761 -0.63731777029 0.671311404739 -0.146129417014 -0.757262523708 -0.636552953898 0.914045478047 0.142756888824 -0.379659497708","278.249761714 331.153420888 159.21715132",1.219112,0.934695,0.79123,1.69431818363581,0.152806721965657,0.4422373435412,0.931627811545591,0.465813905772796
"67",66,"Elp1_NTD_1st_propeller_fit67_0.79.pdb","-0.421234752654 -0.73209688477 -0.535346089178 -0.671199548112 0.648617795454 -0.358867834679 0.609961023757 0.208156449488 -0.764603454587","323.978407694 265.992832048 169.913124737",1.227361,0.933567,0.788143,1.68546392082777,0.143952459157627,0.469130145326398,0.931627811545591,0.465813905772796
"68",67,"Elp1_NTD_1st_propeller_fit68_0.79.pdb","-0.421428245949 -0.731886539171 -0.535481397304 -0.671254680909 0.64878413877 -0.35846379762 0.609766665569 0.208377625059 -0.764698227081","323.972078984 265.980123211 169.912885912",1.227383,0.933562,0.788141,1.6854249973952,0.143913535725055,0.4692503297304,0.931627811545591,0.465813905772796
"69",68,"Elp1_NTD_1st_propeller_fit69_0.79.pdb","0.421788068078 0.731476825019 0.535757856836 0.671417807355 -0.649084507078 0.357613522832 0.609338128355 0.208880248485 -0.764902665834","168.839331465 226.841085806 169.906980903",1.227395,0.933557,0.788138,1.68538607679118,0.143874615121033,0.469370522424484,0.931627811545591,0.465813905772796
"70",69,"Elp1_NTD_1st_propeller_fit70_0.79.pdb","0.607301328915 -0.0144199656085 0.794340708846 0.642199136617 0.597535977203 -0.480136466137 -0.467723600074 0.80171243085 0.372144882263","283.101080424 287.816180096 195.290739272",1.286276,0.933219,0.787015,1.68276157961999,0.141250117949844,0.477514523840526,0.931627811545591,0.465813905772796
"71",70,"Elp1_NTD_1st_propeller_fit71_0.79.pdb","-0.608608390787 0.0156960763523 -0.793315485676 -0.641695387309 -0.597815544411 0.480461866052 -0.466714962834 0.801480010986 0.373907656272","209.652084314 204.951114962 195.249102207",1.286173,0.933226,0.786948,1.68281580293227,0.141304341262122,0.477345486618491,0.931627811545591,0.465813905772796
"72",71,"Elp1_NTD_1st_propeller_fit72_0.79.pdb","0.606068485362 -0.017988170847 0.795209038833 0.645129474424 0.595926031278 -0.478205107832 -0.465283731675 0.802837835203 0.372776686614","283.335014627 287.667921359 195.155251585",1.287176,0.933092,0.786886,1.68177876551941,0.140267303849263,0.480584044076118,0.931627811545591,0.465813905772796
"73",72,"Elp1_NTD_1st_propeller_fit73_0.79.pdb","0.652917408648 -0.161611236559 0.739986936227 0.671287798327 0.575968376051 -0.466511652257 -0.350815548952 0.801337780271 0.484547430709","290.50770294 287.821328737 190.24900571",1.287633,0.932951,0.786457,1.68068971715776,0.139178255487617,0.483997873009199,0.931627811545591,0.465813905772796
"74",73,"Elp1_NTD_1st_propeller_fit74_0.79.pdb","-0.655580198999 0.161496014113 -0.737654146954 -0.668552919883 -0.578294315275 0.467560347599 -0.351072067256 0.799684139369 0.487086933973","202.351788892 204.976194679 190.318051542",1.2873,0.932975,0.786452,1.68087493086916,0.13936346919901,0.483416358798725,0.931627811545591,0.465813905772796
"75",74,"Elp1_NTD_1st_propeller_fit75_0.79.pdb","0.617662070144 -0.0544068280833 0.784559407705 0.651997468401 0.593266994945 -0.47215842041 -0.439764560145 0.803165094997 0.40191163441","285.130596071 287.522292213 193.961829554",1.288674,0.932791,0.785605,1.6794565920699,0.137945130399752,0.48787916141176,0.931627811545591,0.465813905772796
"76",75,"Elp1_NTD_1st_propeller_fit76_0.79.pdb","-0.621658421844 0.0584163747294 -0.781107120856 -0.650105729425 -0.594734267182 0.47292038711 -0.436924876445 0.801797155857 0.407698385747","207.537596866 205.161864227 193.866841924",1.287991,0.932846,0.785441,1.67988015889999,0.13836869722984,0.486544085044433,0.931627811545591,0.465813905772796
"77",76,"Elp1_NTD_1st_propeller_fit77_0.78.pdb","0.594866068354 -0.784194524102 0.176559643238 -0.625361262311 -0.313490361782 0.714595748101 -0.505032326544 -0.535502324896 -0.676889656966","204.481088388 185.615047269 283.863855418",1.280874,0.933217,0.782339,1.68274608825294,0.141234626582789,0.477562823061411,0.931627811545591,0.465813905772796
"78",77,"Elp1_NTD_1st_propeller_fit78_0.78.pdb","0.593663390817 -0.78581634519 0.173367961696 -0.62486598536 -0.314407840293 0.71462592341 -0.507056484872 -0.532578991044 -0.67768232938","204.649264338 185.665555851 283.776143063",1.280962,0.933182,0.782227,1.68247506180914,0.140963600138996,0.478408265683729,0.931627811545591,0.465813905772796
"79",78,"Elp1_NTD_1st_propeller_fit79_0.78.pdb","-0.592524608745 0.787680048679 -0.168744561943 0.62464734238 0.316994667246 -0.713673648693 -0.508655368528 -0.528275042088 -0.679849390835","287.954684115 306.903102201 283.622586975",1.28154,0.933101,0.782054,1.68184835444598,0.140336892775836,0.480366351210007,0.931627811545591,0.465813905772796
"80",79,"Elp1_NTD_1st_propeller_fit80_0.78.pdb","-0.218811911169 -0.937885469652 -0.269243742892 0.742667868895 -0.339048970761 0.577486131157 -0.632902665332 -0.0735978327249 0.770725356386","291.619814807 204.436285854 206.008576588",1.233935,0.929483,0.775894,1.65457677743224,0.113065315762096,0.569646210531451,0.931627811545591,0.465813905772796
"81",80,"Elp1_NTD_1st_propeller_fit81_0.78.pdb","-0.217288391296 -0.93868198636 -0.267697371648 0.742091658825 -0.337020173356 0.579411228707 -0.634102297906 -0.0727566528301 0.76981864394","291.599213636 204.31689132 206.012499567",1.234,0.92948,0.775893,1.65455472900733,0.113043267337177,0.569721474935223,0.931627811545591,0.465813905772796
"82",81,"Elp1_NTD_1st_propeller_fit82_0.78.pdb","0.219534870652 0.937676329594 0.269383635439 -0.742467098009 0.339700510787 -0.577361388474 -0.632887865657 -0.0732575282622 0.770769930401","201.164925702 288.319338722 205.99269406",1.233973,0.929479,0.775891,1.65454737973317,0.113035918063023,0.569746563438502,0.931627811545591,0.465813905772796
"83",82,"Elp1_NTD_1st_propeller_fit83_0.77.pdb","0.203953438837 0.256852912328 0.944684907831 0.455599680834 -0.879005817126 0.140633222085 0.866505582486 0.401715513465 -0.296298364206","230.551251516 309.500852968 145.202434164",1.222165,0.928287,0.766272,1.64585764041221,0.104346178742059,0.59977325406491,0.931627811545591,0.465813905772796
"84",83,"Elp1_NTD_1st_propeller_fit84_0.77.pdb","-0.205274076928 -0.256799942816 -0.944413225753 -0.453109106265 0.880254670546 -0.14086820461 0.867499100534 0.399005642342 -0.297051857795","262.297109082 183.147461411 145.34871064",1.222031,0.928279,0.766248,1.64579979124641,0.104288329576258,0.599975527082755,0.931627811545591,0.465813905772796
"85",84,"Elp1_NTD_1st_propeller_fit85_0.77.pdb","-0.20548373892 -0.2524381019 -0.945542932147 -0.454540774962 0.880247267429 -0.136225661555 0.866700130219 0.401795659109 -0.295619910333","262.029147653 183.134597041 145.110701564",1.221763,0.928322,0.76624,1.64611080359095,0.104599341920801,0.598888417452859,0.931627811545591,0.465813905772796
"86",85,"Elp1_NTD_1st_propeller_fit86_0.77.pdb","0.19550836053 0.271778512394 0.942291314433 0.462037855759 -0.873042604417 0.155941113277 0.86504190702 0.404886467007 -0.296259089356","230.010368882 308.800415124 145.073444856",1.221926,0.928258,0.766182,1.64564796673981,0.104136505069665,0.600506537170551,0.931627811545591,0.465813905772796
"87",86,"Elp1_NTD_1st_propeller_fit87_0.77.pdb","-0.191120116422 -0.278430717272 -0.941248871569 -0.464994837427 0.870180297231 -0.162990959652 0.864437912008 0.406525014533 -0.295777805614","263.018370396 184.334989862 145.011899195",1.22199,0.92823,0.766123,1.64544560060964,0.103934138939494,0.601214647986332,0.931627811545591,0.465813905772796
"88",87,"Elp1_NTD_1st_propeller_fit88_0.77.pdb","-0.218110097517 -0.235850921519 -0.946996477605 -0.441121360022 0.889400855754 -0.119908564882 0.870540022922 0.391587105277 -0.298026186581","261.56619733 182.019961954 145.675415001",1.222131,0.928267,0.766122,1.64571302914543,0.104201567475285,0.600278953731559,0.931627811545591,0.465813905772796
"89",88,"Elp1_NTD_1st_propeller_fit89_0.77.pdb","-0.178470215992 -0.297701495036 -0.937828450155 -0.474977467878 0.860790026272 -0.1828576926 0.861710384687 0.412812730652 -0.295026884197","263.639822653 185.391536853 144.709043264",1.221615,0.928185,0.76591,1.64512052852011,0.103609066849966,0.602352914592252,0.931627811545591,0.465813905772796
"90",89,"Elp1_NTD_1st_propeller_fit90_0.76.pdb","0.906830455537 -0.276311135169 0.318293390132 0.0348537620311 0.801723483787 0.596678030035 -0.420052069263 -0.529992087521 0.736657754307","246.34135868 223.389773072 225.016048205",1.235476,0.927166,0.763411,1.63781146491307,0.0963000032429218,0.628198000365186,0.931627811545591,0.465813905772796
"91",90,"Elp1_NTD_1st_propeller_fit91_0.76.pdb","-0.906769008894 0.276570962731 -0.318242777928 -0.0350882672306 -0.801677494752 -0.596726073281 -0.420165177795 -0.52992612278 0.736640703726","246.446640294 269.415424959 225.014117169",1.235429,0.927167,0.763408,1.63781858933418,0.0963071276640326,0.628172577838517,0.931627811545591,0.465813905772796
"92",91,"Elp1_NTD_1st_propeller_fit92_0.76.pdb","-0.493301356957 0.619766993217 0.610362715876 -0.448060347341 0.420390971878 -0.788995155557 -0.745584130702 -0.662691711484 0.070313577387","186.24268914 242.32404756 265.89631734",1.234639,0.927748,0.762071,1.64197387648165,0.100462414811499,0.613420973934832,0.931627811545591,0.465813905772796
"93",92,"Elp1_NTD_1st_propeller_fit93_0.76.pdb","0.494085096044 -0.619827652271 -0.609666794863 0.447093742106 -0.420270287572 0.789607543382 -0.745645428504 -0.662711527194 0.069471779066","306.502887013 250.495566084 265.927708025",1.2349,0.927735,0.762066,1.64188054984502,0.100369088174874,0.613750608430405,0.931627811545591,0.465813905772796
"94",93,"Elp1_NTD_1st_propeller_fit94_0.76.pdb","0.284493090676 -0.091808025912 -0.954271957289 -0.921724475802 0.247509190627 -0.298602062948 0.263605145624 0.964526043021 -0.0142070499397","220.537012219 260.734969554 145.79150859",1.235937,0.927179,0.761688,1.63790408972981,0.0963926280596581,0.627867515737051,0.931627811545591,0.465813905772796
"95",94,"Elp1_NTD_1st_propeller_fit95_0.76.pdb","-0.282434397035 0.0905585174795 0.95500260037 0.922406894127 -0.247748536555 0.296287334749 0.263431838374 0.964582717022 -0.0135590923039","272.260982137 232.078064583 145.786832947",1.235804,0.927181,0.761683,1.63791834111377,0.0964068794436233,0.627816673530932,0.931627811545591,0.465813905772796
"96",95,"Elp1_NTD_1st_propeller_fit96_0.76.pdb","0.899588884207 -0.41264462248 0.143053332645 -0.396522082456 -0.908987674079 -0.128497655728 0.183057582653 0.0588712573481 -0.981337911997","205.82784 307.484717537 210.201685272",1.21013,0.928049,0.761666,1.64413927900393,0.102627817333777,0.60579471372102,0.931627811545591,0.465813905772796
"97",96,"Elp1_NTD_1st_propeller_fit97_0.76.pdb","-0.899427778034 0.412830581787 -0.143529035205 0.396258675384 0.908781155139 0.130751196363 0.184414574772 0.0607266326175 -0.980970714042","287.037631576 185.282890579 210.016580341",1.209284,0.928052,0.761644,1.64416090494771,0.102649443277559,0.605718764456356,0.931627811545591,0.465813905772796
"98",97,"Elp1_NTD_1st_propeller_fit98_0.76.pdb","0.281047573441 0.270147194896 -0.920886939662 -0.801166905834 0.594313454902 -0.0701648587829 0.528340658616 0.757503802961 0.38346334641","200.048126075 234.824624906 144.5815957",1.237614,0.925993,0.756682,1.62951863727545,0.0880071756052974,0.65808220394879,0.931627811545591,0.465813905772796
"99",98,"Elp1_NTD_1st_propeller_fit99_0.76.pdb","-0.282229048303 -0.26730693592 0.921354309963 0.800942102485 -0.594283758353 0.0729284663797 0.52805161769 0.758533990506 0.381821519154","292.668004613 257.938359444 144.537796705",1.237301,0.926012,0.756675,1.62965195248798,0.0881404908178285,0.657597271714119,0.931627811545591,0.465813905772796
"100",99,"Elp1_NTD_1st_propeller_fit100_0.76.pdb","-0.826349242276 0.502956996075 -0.253340066013 0.138104352414 0.617103979516 0.774667583851 0.545961644067 0.605158605429 -0.579403956358","264.294912442 228.742676882 147.411837391",1.217055,0.926073,0.756322,1.63008018710426,0.0885687254341085,0.656040549803272,0.931627811545591,0.465813905772796
"101",100,"Elp1_NTD_1st_propeller_fit101_0.76.pdb","0.826126882471 -0.503687155281 0.252613585398 -0.138993477615 -0.616607805199 -0.774903624725 0.546072510848 0.605057075023 -0.579405513198","228.55858437 264.062308495 147.408215947",1.217048,0.926073,0.756312,1.63008018710426,0.0885687254341085,0.656040549803272,0.931627811545591,0.465813905772796
"102",101,"Elp1_NTD_1st_propeller_fit102_0.75.pdb","0.0725767705926 -0.588251185411 -0.805414896325 0.728380390508 -0.520387974619 0.445711075233 -0.681318294986 -0.618996687167 0.390702549496","303.782087277 277.900823449 242.233251639",1.229637,0.923753,0.749929,1.61402758707742,0.0725161254072744,0.715363336722397,0.931627811545591,0.465813905772796
"103",102,"Elp1_NTD_1st_propeller_fit103_0.75.pdb","-0.0728182178865 0.588114784329 0.805492711363 -0.728537980157 0.520198795314 -0.445674348915 -0.681124011521 -0.619285244672 0.390584007765","189.0392474 214.914460312 242.257895386",1.229706,0.923743,0.749919,1.61395941593374,0.0724479542635903,0.715619282724928,0.931627811545591,0.465813905772796
"104",103,"Elp1_NTD_1st_propeller_fit104_0.75.pdb","-0.0741181984875 0.590667673056 0.803503698225 -0.728606123461 0.518062570327 -0.448044964804 -0.680910867817 -0.618646000258 0.391966219025","188.949325074 215.062683499 242.167708545",1.229488,0.923727,0.749778,1.61385035995919,0.0723388982890372,0.716028795756746,0.931627811545591,0.465813905772796
"105",104,"Elp1_NTD_1st_propeller_fit105_0.75.pdb","-0.112692801976 0.618037997237 0.778029155057 -0.738274494211 0.471978971936 -0.481857469603 -0.665019626286 -0.628700949408 0.403093057039","189.00729432 218.350617475 242.105632015",1.229324,0.923458,0.748876,1.61202013848675,0.0705086768165988,0.722913516539986,0.931627811545591,0.465813905772796
"106",105,"Elp1_NTD_1st_propeller_fit106_0.75.pdb","0.106196624871 -0.614275951898 -0.781912610698 0.736631573358 -0.479598149561 0.476822334891 -0.667904335201 -0.626618439595 0.401563356349","303.853937263 274.985693889 242.076366283",1.229228,0.923452,0.748773,1.61197938616158,0.0704679244914297,0.723067072051035,0.931627811545591,0.465813905772796
"107",106,"Elp1_NTD_1st_propeller_fit107_0.74.pdb","0.063954827099 -0.416273500841 0.906987404692 0.363090151604 0.856264806062 0.367390968028 -0.929556518765 0.305821768485 0.205907076186","222.501187192 178.168652008 216.604636356",1.252256,0.921629,0.741989,1.59973729091707,0.0582258292469173,0.769674434623632,0.931627811545591,0.465813905772796
"108",107,"Elp1_NTD_1st_propeller_fit108_0.74.pdb","-0.0634997251622 0.414249662397 -0.9079454846 -0.366559170127 -0.855871246989 -0.364854469989 -0.928225274703 0.309647584647 0.206194601338","270.301976808 314.673624849 216.40864378",1.252773,0.921564,0.741967,1.59930585556247,0.0577943938923262,0.771333385065373,0.931627811545591,0.465813905772796
"109",108,"Elp1_NTD_1st_propeller_fit109_0.74.pdb","-0.963488422091 -0.0415251317063 0.264510345804 -0.0868670983919 0.982942447684 -0.162105678066 -0.253266987225 -0.179164190285 -0.950660836053","241.265633009 192.485381222 240.164359138",1.206227,0.921106,0.73906,1.59627558075367,0.0547641190835237,0.783014442779841,0.931627811545591,0.465813905772796
"110",109,"Elp1_NTD_1st_propeller_fit110_0.74.pdb","0.963539695828 0.041029465059 -0.264400902841 0.0864243402574 -0.98292945257 0.162420825468 -0.253223395122 -0.179349586372 -0.950637490264","251.581294155 300.319166794 240.166828849",1.206066,0.92111,0.739048,1.59630197293248,0.0547905112623279,0.782912490909114,0.931627811545591,0.465813905772796
"111",110,"Elp1_NTD_1st_propeller_fit111_0.74.pdb","-0.198057548382 0.0887201619912 0.976166963015 0.602293234181 0.796720651538 0.049790187483 -0.773314985557 0.597800079932 -0.211232092366","201.283644802 179.738980574 202.620495651",1.208507,0.921374,0.738221,1.59804670027184,0.05653523860169,0.776181032141091,0.931627811545591,0.465813905772796
"112",111,"Elp1_NTD_1st_propeller_fit112_0.74.pdb","0.200481545559 -0.0910439416962 -0.975457918699 -0.603986849377 -0.795431028957 -0.0498935319543 -0.771366991937 0.599166487241 -0.214458585507","291.549475065 313.030242529 202.532667809",1.208205,0.921367,0.738185,1.5980003660997,0.0564889044295473,0.776359582706691,0.931627811545591,0.465813905772796
"113",112,"Elp1_NTD_1st_propeller_fit113_0.74.pdb","0.749575204514 0.66111110494 0.0326973619354 -0.336626919874 0.338207280029 0.878804955795 0.569929230142 -0.669737217449 0.476059586575","151.18587168 223.904200055 224.088200469",1.199863,0.921451,0.737726,1.59855663744658,0.0570451757764288,0.774216752384082,0.931627811545591,0.465813905772796
"114",113,"Elp1_NTD_1st_propeller_fit114_0.74.pdb","-0.750733530025 -0.659990718363 -0.0284854073848 0.33224163261 -0.339949389805 -0.879801062624 0.570976938517 -0.669960195764 0.474487799248","341.520692895 269.232889585 224.089783506",1.201169,0.921411,0.737707,1.59829167520974,0.0567802135395958,0.775237208309625,0.931627811545591,0.465813905772796
